L,1370,245,0,20160404035838
L,1218,319,0,20160404035839
L,25,45,0,20160404035839
L,25,45,0,20160404035840
L,460,322,1,20160404035841
L,1007,540,0,20160404035842
L,1336,253,0,20160404035842
L,1670,1054,0,20160404035849
L,1636,953,0,20160404035852
R,742,564,0,20160404035854
L,803,87,0,20160404035855
L,1421,30,0,20160404035858
L,842,712,0,20160404035859
R,839,712,0,20160404035900
L,790,710,0,20160404035902
R,1613,1054,1,20160404035903
L,728,554,0,20160404035904
L,737,518,0,20160404035906
L,737,518,0,20160404035906
L,1438,10,0,20160404035908
L,1435,17,0,20160404035909
L,698,542,0,20160404035910
L,698,542,0,20160404035910
L,1015,741,0,20160404035915
L,683,543,0,20160404035918
L,683,543,0,20160404035918
L,1021,742,0,20160404035922
L,882,688,0,20160404035923
L,850,709,0,20160404035924
L,826,732,0,20160404035924
L,1357,256,0,20160404035936
L,-875,77,0,20160404035939
R,-1801,322,1,20160404035940
R,1626,1059,1,20160404035942
L,-905,2,0,20160404035945
L,1661,1060,0,20160404035948
L,1661,1060,0,20160404035949
L,905,496,0,20160404035951
L,905,496,0,20160404035952
L,882,456,0,20160404035953
L,882,456,0,20160404035953
L,882,456,0,20160404035953
L,758,483,0,20160404035955
L,758,483,0,20160404035955
L,758,483,0,20160404035955
L,707,685,0,20160404035957
L,707,685,0,20160404035957
L,704,597,0,20160404035959
L,644,399,0,20160404040002
L,978,482,0,20160404040003
L,978,482,0,20160404040003
L,780,497,0,20160404040004
L,780,497,0,20160404040004
1,852,554,0,20160404040007
R,781,505,0,20160404040009
L,1114,704,0,20160404040011
L,690,670,0,20160404040014
R,690,670,0,20160404040015
L,699,765,0,20160404040016
R,708,664,0,20160404040018
L,680,672,0,20160404040019
R,692,666,0,20160404040019
L,805,276,0,20160404040023
L,-1133,806,0,20160404040025
L,-1394,810,0,20160404040027
L,-1326,794,0,20160404040030
L,-951,801,0,20160404040033
L,-842,788,0,20160404040035
L,-1244,623,0,20160404040037
L,-1581,464,0,20160404040150
L,-1286,474,0,20160404040151
L,-958,482,0,20160404040152
L,-733,0,0,20160404040154
L,1036,730,0,20160404040155
L,13,21,0,20160404040156
L,13,21,0,20160404040157
L,921,636,0,20160404040157
L,682,477,0,20160404040158
L,1360,240,0,20160404040200
L,-873,0,0,20160404040204
L,-675,26,1,20160404040205
L,-610,17,1,20160404040205
R,1624,1052,1,20160404040207
R,1618,1061,1,20160404040212
L,1392,246,0,20160404040458
R,1419,231,1,20160404040459
L,1500,818,0,20160404040500
R,1625,1057,1,20160404040501
L,1560,676,0,20160404040502
L,864,0,0,20160404040504
L,1042,0,0,20160404040504
L,876,0,0,20160404040505
L,695,0,0,20160404040506
L,842,0,0,20160404040507
L,962,4,0,20160404040507
L,1027,0,0,20160404040508
L,1443,321,0,20160404040510
L,1590,1052,0,20160404040514
L,1063,762,0,20160404040516
L,955,496,0,20160404040517
@
L,480,1050,0,20160404213947
R,1670,1062,1,20160404213957
L,556,1050,0,20160404214008
L,1434,21,0,20160404214016
L,1645,1057,0,20160404214020
L,510,1055,0,20160404214022
L,534,689,0,20160404214053
L,755,570,0,20160404214111
L,1067,10,0,20160404214121
R,687,572,0,20160404214122
L,747,623,0,20160404214128
L,536,148,0,20160404214130
R,1627,1055,1,20160404214351
L,866,730,0,20160404214355
L,866,730,0,20160404214355
L,1501,5,1,20160404214400
L,-912,4,0,20160404214403
L,-746,13,0,20160404214412
M,-1251,559,0,20160404214416
M,-1436,577,0,20160404214417
L,1010,745,0,20160404214459
L,667,110,0,20160404214513
L,717,159,0,20160404214810
L,1424,24,0,20160404214827
L,1033,750,0,20160404214829
R,1630,1064,1,20160404214831
L,1046,782,0,20160404214833
R,853,732,0,20160404214835
L,920,563,0,20160404214837
L,799,244,0,20160404214847
L,1255,283,1,20160404214849
R,-1070,177,1,20160404214851
L,-597,10,0,20160404214905
L,-577,7,1,20160404214910
M,359,620,0,20160404214912
L,413,644,0,20160404214924
1,1384,404,0,20160404214929
L,1240,223,0,20160404214931
L,1240,223,0,20160404214931
R,1247,467,0,20160404214932
L,1539,586,0,20160404214935
L,1395,456,0,20160404214936
R,1395,456,0,20160404214936
R,1400,444,0,20160404214937
L,1445,503,0,20160404214938
L,894,27,1,20160404214940
L,639,432,0,20160404215016
L,998,410,1,20160404215018
L,767,585,0,20160404215019
L,871,605,0,20160404215021
L,968,493,1,20160404215048
L,906,489,1,20160404215050
L,860,565,0,20160404215053
L,771,542,0,20160404215058
L,1248,451,0,20160404215104
L,1248,451,0,20160404215104
L,1082,619,0,20160404215105
L,994,584,1,20160404215112
L,698,402,0,20160404215115
L,881,608,1,20160404215120
L,329,697,1,20160404215121
L,44,631,0,20160404215123
L,67,628,1,20160404215125
L,73,627,1,20160404215127
L,46,653,0,20160404215129
L,53,692,0,20160404215130
L,42,728,0,20160404215131
L,89,749,1,20160404215132
L,50,751,0,20160404215135
L,179,751,0,20160404215209
L,84,797,0,20160404215219
L,1848,448,0,20160404215222
L,872,243,0,20160404215225
1,923,262,0,20160404215226
M,326,422,0,20160404215229
M,316,518,0,20160404215230
L,442,622,0,20160404215315
R,1303,490,0,20160404215322
L,1607,628,0,20160404215325
L,1379,449,0,20160404215326
R,1379,449,0,20160404215326
L,1411,504,0,20160404215327
R,1335,464,0,20160404215328
L,1365,526,0,20160404215329
R,1316,456,0,20160404215330
L,1345,513,0,20160404215331
L,1318,406,0,20160404215401
L,1278,455,0,20160404215401
L,1278,455,0,20160404215401
L,1047,601,0,20160404215402
L,864,512,1,20160404215407
L,1279,384,0,20160404215409
L,1254,452,0,20160404215410
L,1254,452,0,20160404215410
L,1074,596,0,20160404215411
L,904,645,1,20160404215415
L,354,655,0,20160404215417
L,44,428,0,20160404215421
L,68,423,1,20160404215424
L,92,451,1,20160404215425
L,90,482,1,20160404215427
L,91,484,0,20160404215429
L,92,483,1,20160404215430
L,141,517,1,20160404215432
L,92,546,1,20160404215434
L,93,459,1,20160404215436
L,142,493,1,20160404215438
L,137,476,1,20160404215439
L,90,503,0,20160404215441
L,89,506,1,20160404215442
L,47,534,0,20160404215445
L,154,553,1,20160404215447
L,81,593,0,20160404215448
L,852,0,0,20160404215512
L,1562,0,0,20160404215521
L,479,279,0,20160404215526
L,899,426,0,20160404215530
L,1172,506,0,20160404215532
L,1174,581,0,20160404215533
L,912,591,0,20160404215534
L,1457,591,0,20160404215535
L,899,590,0,20160404215536
L,1167,581,0,20160404215536
L,1488,584,0,20160404215537
L,1487,684,0,20160404215538
L,880,681,1,20160404215538
L,1176,475,0,20160404215540
L,1168,751,0,20160404215540
L,1173,760,1,20160404215541
L,1473,757,0,20160404215541
L,1499,560,1,20160404215543
L,1196,569,0,20160404215543
L,897,842,0,20160404215544
L,1499,843,0,20160404215545
L,910,735,0,20160404215547
L,1482,726,0,20160404215547
L,1209,823,0,20160404215549
L,897,634,0,20160404215550
L,1477,708,0,20160404215551
L,1184,706,0,20160404215552
L,880,612,0,20160404215553
L,887,603,0,20160404215554
L,889,881,0,20160404215554
L,1475,889,1,20160404215555
L,1503,472,0,20160404215557
L,1485,776,0,20160404215557
L,883,770,0,20160404215558
L,920,655,0,20160404215559
L,1523,656,0,20160404215600
L,1478,545,0,20160404215602
L,1459,830,1,20160404215603
L,1184,823,0,20160404215603
L,878,414,0,20160404215604
L,1454,720,0,20160404215605
L,1203,707,0,20160404215606
L,1203,707,0,20160404215607
L,1483,703,0,20160404215607
L,917,701,0,20160404215608
L,1185,691,0,20160404215609
L,1445,691,0,20160404215609
L,1198,585,0,20160404215611
L,903,586,0,20160404215611
L,1156,582,0,20160404215612
L,898,579,0,20160404215612
L,1483,588,0,20160404215613
L,1186,762,0,20160404215615
L,866,761,0,20160404215615
L,1164,759,0,20160404215616
L,882,758,0,20160404215617
L,889,733,0,20160404215618
L,1202,746,0,20160404215618
L,1516,732,0,20160404215619
L,1493,625,0,20160404215620
L,1198,641,0,20160404215620
L,1191,915,0,20160404215621
L,1469,708,0,20160404215623
L,1203,694,0,20160404215624
L,1481,691,0,20160404215625
L,875,678,0,20160404215626
L,877,587,0,20160404215628
L,879,585,0,20160404215628
L,894,573,0,20160404215629
L,893,862,0,20160404215630
L,1196,855,0,20160404215630
L,1456,757,0,20160404215631
L,844,761,0,20160404215632
L,1511,540,0,20160404215635
L,1462,832,0,20160404215636
L,906,720,0,20160404215637
L,894,600,0,20160404215639
L,1521,593,0,20160404215642
L,903,579,0,20160404215643
L,904,870,0,20160404215643
L,1165,865,0,20160404215644
L,1494,642,0,20160404215648
L,1494,642,0,20160404215648
L,1169,479,0,20160404215702
R,614,681,1,20160404215710
L,957,629,0,20160404215712
L,886,399,0,20160404215716
L,706,445,0,20160404215718
1,847,501,0,20160404215721
L,708,637,0,20160404215724
M,475,234,0,20160404215728
M,405,235,0,20160404215728
R,551,581,1,20160404215729
L,1635,0,0,20160404215732
L,1205,199,0,20160404215734
L,1215,410,0,20160404215735
L,1218,564,0,20160404215736
L,1213,582,0,20160404215736
L,1201,552,0,20160404215736
L,1211,636,0,20160404215737
L,1207,613,0,20160404215737
L,1201,684,0,20160404215737
L,1202,481,1,20160404215740
L,1215,555,0,20160404215741
L,1220,419,0,20160404215749
L,1207,731,0,20160404215757
L,1211,385,0,20160404215758
L,1189,523,0,20160404215803
L,1211,443,0,20160404215808
L,1212,682,0,20160404215808
L,1221,484,0,20160404215811
L,1192,755,0,20160404215813
L,1206,738,0,20160404215813
L,1196,495,0,20160404215814
L,1202,555,0,20160404215814
L,1203,457,0,20160404215816
L,1193,620,0,20160404215817
L,1218,493,0,20160404215818
L,1218,493,0,20160404215818
L,1217,479,0,20160404215819
L,1190,329,0,20160404215822
L,1221,288,0,20160404215826
L,1218,345,0,20160404215833
L,1161,408,0,20160404215840
L,1215,319,0,20160404215841
L,1203,187,0,20160404215844
R,1320,458,1,20160404215850
R,983,395,1,20160404215852
L,1195,192,0,20160404215854
L,1191,259,0,20160404215855
L,1198,319,0,20160404215855
L,1193,362,0,20160404215856
L,1214,505,0,20160404215856
L,1218,573,0,20160404215857
L,1207,684,1,20160404215857
L,1202,736,0,20160404215858
L,1189,685,0,20160404215858
L,1196,668,0,20160404215858
L,1189,362,0,20160404215859
L,1185,443,0,20160404215900
L,1187,544,0,20160404215900
L,1189,513,0,20160404215901
L,1207,260,0,20160404215902
L,1208,327,0,20160404215902
L,1194,416,0,20160404215903
L,1210,426,0,20160404215904
L,1186,505,0,20160404215904
L,1210,457,0,20160404215905
L,1206,711,0,20160404215906
L,1212,654,0,20160404215907
L,1192,724,0,20160404215907
L,1221,434,1,20160404215909
L,1199,639,0,20160404215909
L,1207,715,0,20160404215910
L,1224,228,0,20160404215911
L,1201,451,0,20160404215912
L,1190,545,1,20160404215912
L,1207,661,0,20160404215913
L,1201,739,0,20160404215914
L,1190,543,0,20160404215915
L,1224,355,0,20160404215916
L,1216,377,0,20160404215916
L,1211,524,0,20160404215916
L,1203,592,0,20160404215917
L,1214,704,0,20160404215918
L,1199,606,0,20160404215920
L,1179,454,0,20160404215921
L,1191,591,0,20160404215922
L,1181,745,0,20160404215923
L,1182,811,0,20160404215923
L,1191,504,0,20160404215924
L,1197,593,1,20160404215925
L,1203,579,0,20160404215926
L,1192,657,0,20160404215926
L,1212,333,0,20160404215954
L,1215,244,0,20160404220000
L,1214,289,0,20160404220000
L,1215,251,0,20160404220001
L,1216,310,1,20160404220002
L,1218,392,0,20160404220002
L,1206,467,0,20160404220003
L,1206,533,0,20160404220003
L,1213,602,0,20160404220003
L,1200,671,0,20160404220004
L,1205,732,1,20160404220004
L,1196,787,0,20160404220004
L,1189,621,0,20160404220006
L,1195,692,1,20160404220006
L,1186,426,0,20160404220008
L,1183,514,0,20160404220008
L,1187,564,0,20160404220008
L,1212,612,0,20160404220008
L,1210,628,0,20160404220009
L,1196,483,0,20160404220010
L,1211,198,0,20160404220012
L,1195,273,0,20160404220012
L,1207,407,0,20160404220013
L,1215,464,0,20160404220013
L,1217,543,0,20160404220013
L,1190,634,0,20160404220014
L,1201,605,0,20160404220014
L,1211,647,1,20160404220014
L,1209,667,0,20160404220014
L,1199,741,0,20160404220015
L,1202,812,0,20160404220015
L,1205,524,0,20160404220017
L,1202,591,0,20160404220017
L,1215,662,1,20160404220017
L,1210,424,0,20160404220018
L,1191,480,0,20160404220019
R,1620,1056,1,20160404220022
L,1845,449,0,20160404220026
L,1259,345,0,20160404220028
L,1259,345,0,20160404220028
L,1240,259,0,20160404220029
L,1240,259,0,20160404220030
L,1374,671,0,20160404220030
L,1289,398,0,20160404220034
L,1221,269,0,20160404220040
L,1221,269,0,20160404220040
L,1365,671,0,20160404220041
L,1716,9,1,20160404220048
L,1193,278,0,20160404220115
L,1198,350,0,20160404220115
L,1194,415,0,20160404220115
L,1227,468,0,20160404220118
L,1209,543,0,20160404220118
L,1212,611,0,20160404220119
L,1225,543,0,20160404220121
L,1216,699,0,20160404220122
R,1571,1052,0,20160404220127
L,1591,1038,0,20160404220127
L,1345,461,0,20160404220128
L,1903,36,0,20160404220144
L,1897,272,0,20160404220147
L,1192,233,1,20160404220203
L,1167,510,0,20160404220204
L,1178,506,0,20160404220205
R,1203,253,0,20160404220207
L,1236,319,0,20160404220208
L,1369,726,1,20160404220210
L,1843,445,0,20160404220213
L,1457,628,0,20160404220215
R,1600,1052,0,20160404220219
L,1657,939,0,20160404220220
L,1290,395,0,20160404220221
L,1231,343,0,20160404220223
L,1206,578,0,20160404220224
L,1206,641,0,20160404220225
L,1215,565,0,20160404220226
L,1208,685,0,20160404220227
L,1181,843,1,20160404220227
L,1190,832,0,20160404220227
L,1203,948,0,20160404220228
L,1222,271,0,20160404220229
L,1205,367,0,20160404220230
L,1201,350,0,20160404220230
L,1225,552,0,20160404220231
L,1213,758,0,20160404220232
L,1209,838,0,20160404220232
L,1189,960,0,20160404220233
L,1234,429,0,20160404220234
L,1226,427,0,20160404220234
L,1198,575,0,20160404220235
L,1201,651,0,20160404220235
L,1201,875,0,20160404220236
R,1616,1053,1,20160404220237
R,1587,1055,0,20160404220238
L,1612,1031,0,20160404220238
R,1207,250,0,20160404220240
L,1236,307,0,20160404220241
L,1369,728,0,20160404220242
L,1834,448,0,20160404220245
L,1486,641,0,20160404220246
L,1253,283,0,20160404220249
L,1253,283,0,20160404220249
L,1475,733,0,20160404220250
R,1601,1058,0,20160404220257
L,1608,1047,0,20160404220257
L,1519,889,0,20160404220258
L,1190,357,0,20160404220259
L,1192,470,0,20160404220300
L,1189,625,0,20160404220300
L,1189,698,0,20160404220300
L,1191,586,1,20160404220302
L,1197,651,0,20160404220302
L,1195,737,0,20160404220303
L,1205,795,0,20160404220303
L,1223,610,0,20160404220305
L,1213,267,0,20160404220308
L,1215,250,0,20160404220308
L,1203,385,0,20160404220309
L,1213,444,0,20160404220309
L,1192,558,0,20160404220310
L,1214,392,0,20160404220311
L,1230,631,0,20160404220311
L,1217,704,0,20160404220312
L,1203,606,0,20160404220313
L,1214,449,1,20160404220315
L,1199,551,0,20160404220315
L,1214,528,0,20160404220315
L,1212,464,0,20160404220317
L,1205,520,0,20160404220318
L,1208,493,0,20160404220320
L,1204,827,0,20160404220321
L,1203,449,0,20160404220322
L,1228,528,0,20160404220323
L,1212,607,0,20160404220323
L,1212,559,0,20160404220324
L,1204,717,0,20160404220325
L,1215,705,0,20160404220325
R,1390,690,1,20160404220404
L,400,235,0,20160404220409
L,1427,76,0,20160404220420
L,1411,119,0,20160404220421
L,967,315,0,20160404220424
L,877,295,0,20160404220428
L,704,352,0,20160404220433
M,427,239,0,20160404220438
M,478,241,0,20160404220438
L,1199,332,0,20160404220442
L,1203,475,0,20160404220444
L,1208,608,0,20160404220444
L,1194,686,0,20160404220445
L,1212,486,0,20160404220446
L,1199,526,0,20160404220446
L,1203,544,0,20160404220447
L,1213,692,0,20160404220447
L,1201,845,0,20160404220448
L,1189,230,0,20160404220449
L,1198,306,0,20160404220450
L,1206,381,0,20160404220450
L,1192,375,0,20160404220452
L,1207,539,0,20160404220452
L,1210,535,0,20160404220454
L,1227,420,0,20160404220456
L,1214,485,0,20160404220456
L,1201,570,0,20160404220456
L,1194,641,0,20160404220457
L,1209,382,0,20160404220458
L,1201,438,0,20160404220458
L,1209,557,0,20160404220459
L,1206,634,0,20160404220500
L,1196,712,0,20160404220500
L,1216,555,0,20160404220501
L,1220,247,0,20160404220503
L,1191,669,0,20160404220504
L,1192,731,0,20160404220504
L,1228,286,0,20160404220508
L,1202,849,1,20160404220509
L,1201,898,0,20160404220510
L,1202,822,0,20160404220510
L,1210,187,0,20160404220512
L,1198,247,0,20160404220512
L,1203,494,1,20160404220512
L,1188,695,0,20160404220513
L,1191,514,0,20160404220514
L,1210,799,0,20160404220515
L,1210,777,0,20160404220515
L,1195,433,0,20160404220516
L,1207,460,0,20160404220516
L,1186,737,1,20160404220517
L,1202,511,0,20160404220518
L,1197,568,0,20160404220519
L,1213,409,0,20160404220520
L,1205,736,1,20160404220521
L,1204,804,0,20160404220521
L,1193,503,0,20160404220523
L,1179,606,1,20160404220523
L,1197,590,0,20160404220523
L,1229,339,0,20160404220525
L,1228,336,0,20160404220525
L,1209,466,0,20160404220525
L,1207,376,0,20160404220527
L,1206,422,0,20160404220527
L,1212,361,0,20160404220527
L,1208,240,0,20160404220528
L,1188,398,0,20160404220529
L,1204,244,0,20160404220530
L,1206,291,1,20160404220530
L,1200,490,0,20160404220531
L,1202,561,0,20160404220531
L,1209,676,0,20160404220532
L,1214,693,0,20160404220532
L,1209,564,0,20160404220534
L,1206,872,0,20160404220534
L,1206,424,1,20160404220537
L,1185,569,0,20160404220537
L,1190,842,0,20160404220538
L,1194,369,0,20160404220539
L,1191,653,0,20160404220540
L,1220,440,0,20160404220541
L,1179,745,0,20160404220542
L,1205,381,0,20160404220543
L,1207,376,0,20160404220544
L,1187,831,0,20160404220544
L,1193,813,0,20160404220545
L,1200,418,0,20160404220546
L,1200,471,0,20160404220547
L,1200,402,0,20160404220547
L,1180,273,0,20160404220548
L,1197,419,0,20160404220548
L,1204,750,0,20160404220549
L,1180,299,0,20160404220552
L,1164,453,0,20160404220552
L,1173,610,0,20160404220553
L,1194,754,0,20160404220553
L,1182,889,0,20160404220554
L,1170,442,0,20160404220555
L,1192,562,1,20160404220559
L,1196,540,0,20160404220559
L,1202,686,0,20160404220600
L,1195,890,0,20160404220600
R,1291,760,1,20160404220601
L,1163,464,0,20160404220605
L,585,82,0,20160404220610
L,760,86,0,20160404220617
L,1320,155,0,20160404220619
L,1317,155,0,20160404220619
L,1424,87,0,20160404220622
L,1393,127,0,20160404220623
L,502,361,0,20160404220706
R,502,361,1,20160404220708
R,847,420,1,20160404220711
M,361,527,0,20160404220715
M,333,628,0,20160404220718
M,328,732,0,20160404220719
M,336,839,0,20160404220720
L,411,586,1,20160404220847
R,372,586,0,20160404220849
L,392,615,0,20160404220850
L,261,162,0,20160404220902
R,552,471,1,20160404220940
L,1131,430,0,20160404220944
R,754,387,1,20160404220949
L,1550,1,1,20160404220957
L,1306,372,0,20160404220958
1,1318,377,0,20160404220959
L,1335,422,0,20160404221000
L,25,47,0,20160404221001
L,25,47,0,20160404221001
L,502,379,0,20160404221013
L,1041,605,0,20160404221013
L,1387,276,0,20160404221014
L,-970,0,0,20160404221027
R,-1161,347,1,20160404221029
L,-975,732,0,20160404221030
R,-975,732,1,20160404221030
R,-1005,681,1,20160404221031
L,-1847,36,0,20160404221033
L,-714,0,0,20160404221034
M,-1525,389,0,20160404221037
M,-1465,252,0,20160404221038
M,-1689,363,0,20160404221039
M,-1665,370,0,20160404221044
M,-1672,469,0,20160404221045
L,-846,19,0,20160404221046
M,-1532,356,0,20160404221049
M,-1674,388,0,20160404221054
M,-1579,593,0,20160404221110
R,-1516,448,1,20160404221127
R,-1410,540,1,20160404221228
M,-1290,538,0,20160404221313
R,-1307,560,1,20160404221504
L,-910,525,0,20160404221505
R,-951,520,1,20160404221506
R,-878,581,1,20160404221514
R,-917,467,1,20160404221621
R,-1234,354,1,20160404221703
R,-1254,585,1,20160404221713
R,-1116,484,1,20160404221901
R,-1021,569,1,20160404221917
R,-941,437,1,20160404222047
L,-833,73,0,20160404222053
L,-706,464,0,20160404222059
L,-1320,458,0,20160404222103
L,-1348,585,0,20160404222116
L,-1127,632,0,20160404222204
L,-738,12,0,20160404222226
L,-1045,0,0,20160404222228
L,-1447,226,0,20160404222237
L,-1800,0,0,20160404222238
M,-1662,241,0,20160404222241
L,-664,0,0,20160404222243
R,-1609,493,1,20160404222304
L,-1415,460,0,20160404222308
L,-846,0,0,20160404222316
L,-1371,470,0,20160404222317
L,-1000,0,0,20160404222318
L,-1279,669,0,20160404222441
L,-1506,528,0,20160404222517
L,-1501,594,1,20160404222524
R,-1641,662,1,20160404222708
L,1233,587,0,20160404222813
L,1287,579,1,20160404222813
L,-695,0,0,20160404222829
L,-853,0,0,20160404222830
L,-1387,507,0,20160404222833
L,-976,465,0,20160404222835
L,-1072,557,0,20160404222836
L,-902,462,0,20160404222836
1,-1004,320,0,20160404222901
R,-989,375,1,20160404222902
R,-977,326,1,20160404222906
M,-1224,290,0,20160404222909
M,-1314,296,1,20160404222909
R,-1069,324,1,20160404222910
R,-1642,602,1,20160404222915
L,-1542,89,0,20160404222918
L,-754,268,0,20160404222929
L,-700,322,0,20160404222933
L,-589,354,0,20160404222936
L,-586,288,0,20160404222937
L,-586,288,0,20160404222938
L,-586,288,0,20160404222939
L,-758,316,0,20160404222942
L,-591,349,0,20160404222944
L,-758,327,0,20160404222951
L,-701,0,0,20160404222956
R,-832,368,1,20160404222958
R,-692,331,1,20160404222958
L,-734,14,0,20160404223003
L,-1704,552,0,20160404223044
L,-1564,89,1,20160404223046
L,-1339,251,0,20160404223054
L,-886,3,0,20160404223059
L,-702,0,0,20160404223116
R,-1175,269,1,20160404223327
L,-726,6,0,20160404223329
M,-1735,268,0,20160404223343
M,-530,72,0,20160404223352
L,-1578,575,0,20160404223404
L,-1454,647,0,20160404223417
L,-1476,704,0,20160404223418
L,-1475,33,0,20160404223442
L,-1558,43,0,20160404223506
L,-1751,765,0,20160404223525
M,-1407,551,0,20160404223530
M,-1378,610,0,20160404223530
L,-1514,42,0,20160404223540
L,-1152,0,0,20160404223541
L,-919,-1,1,20160404223542
L,-1044,0,0,20160404223543
L,-1547,651,0,20160404223545
L,-1054,522,0,20160404223546
L,-1054,522,0,20160404223546
L,-1243,554,0,20160404223552
L,-944,512,0,20160404223554
L,-1722,595,0,20160404223557
M,-1586,538,0,20160404223611
L,-559,367,0,20160404223627
L,-1175,455,0,20160404223630
L,-1317,436,1,20160404223647
L,-1279,450,0,20160404223651
L,-1274,671,0,20160404223652
L,-1514,338,0,20160404223923
M,-1390,242,0,20160404223936
L,-1234,644,0,20160404223947
L,-1234,644,0,20160404223947
L,-950,638,0,20160404224000
L,-1461,674,0,20160404224004
L,-1461,674,0,20160404224004
L,-1277,691,1,20160404224048
L,-839,703,0,20160404224107
L,-1188,651,0,20160404224112
L,-826,500,1,20160404224157
L,-1270,422,1,20160404224229
L,-898,0,0,20160404224444
L,-936,446,1,20160404224811
L,-599,12,1,20160404224817
L,-1537,108,0,20160404224823
L,-1526,90,0,20160404224824
L,-1123,0,0,20160404224836
L,-728,0,0,20160404224839
L,-1526,99,0,20160404224839
L,-611,8,1,20160404224842
L,-861,0,0,20160404224848
L,-946,0,0,20160404224856
L,-798,571,1,20160404224859
L,-942,382,0,20160404224903
L,-1435,413,0,20160404224908
L,-1114,412,0,20160404224912
L,-1114,412,0,20160404224912
L,-1051,409,0,20160404224914
L,-1051,409,0,20160404224914
L,-1699,538,0,20160404224925
L,-1292,378,0,20160404224935
L,-1292,378,0,20160404224935
L,-942,386,0,20160404224945
L,-1110,353,0,20160404224951
L,-1110,353,0,20160404224951
L,-1038,350,0,20160404224951
L,-1038,350,0,20160404224951
L,-1122,349,0,20160404224953
L,-1044,346,0,20160404224955
L,-1044,346,0,20160404224955
L,-1114,413,0,20160404225013
L,-1114,413,0,20160404225013
L,-853,416,0,20160404225014
L,-978,244,0,20160404225035
L,-979,256,1,20160404225041
L,-846,281,0,20160404225204
L,-1199,290,0,20160404225311
L,-1199,290,0,20160404225312
L,-849,209,0,20160404225331
L,-1136,330,0,20160404225344
L,-780,448,0,20160404225350
L,-723,454,0,20160404225351
L,-1526,94,0,20160404225436
M,-1522,262,0,20160404225442
L,-1619,102,1,20160404225528
M,-1608,250,0,20160404225535
M,-1512,610,0,20160404225542
L,-1123,0,0,20160404225549
L,-1214,0,0,20160404225550
L,-945,550,1,20160404225552
L,-1265,238,1,20160404225601
L,-943,276,0,20160404225615
L,-910,242,0,20160404225626
L,-1437,308,0,20160404225634
L,-1377,361,0,20160404225641
L,-1374,362,0,20160404225642
L,-1425,392,0,20160404225646
L,-1425,392,0,20160404225646
L,-758,544,0,20160404225709
L,-1370,386,0,20160404225825
L,-1371,385,1,20160404225826
L,-1500,98,1,20160404225837
L,-1529,98,1,20160404225839
L,-1576,99,1,20160404225855
L,-973,589,0,20160404225950
L,-973,589,0,20160404225950
L,-1357,681,0,20160404230035
L,-1622,145,0,20160404230041
L,-748,0,0,20160404230044
M,-1142,353,0,20160404230055
M,-1142,353,0,20160404230056
M,-1139,344,0,20160404230056
R,-1135,364,1,20160404230059
R,-1030,222,1,20160404230106
L,-1762,328,1,20160404230108
M,-1602,385,0,20160404230113
R,-1226,453,1,20160404230114
M,-1601,645,0,20160404230117
R,-1123,505,1,20160404230121
R,-1014,489,1,20160404230130
R,-1020,268,1,20160404230139
L,-1222,519,0,20160404230144
R,-1207,303,1,20160404230225
M,-1616,606,0,20160404230232
M,-1549,469,0,20160404230240
M,-1584,530,0,20160404230242
M,-1618,615,0,20160404230246
M,-1590,551,0,20160404230249
L,-1704,338,0,20160404230253
L,-1586,524,0,20160404230308
L,-1470,631,0,20160404230310
L,-612,7,1,20160404230323
L,-1690,165,0,20160404230329
L,-1824,489,0,20160404230336
L,-1666,461,0,20160404230341
L,-858,659,1,20160404230348
L,-1234,310,0,20160404230351
L,-849,662,0,20160404230355
L,-1307,299,0,20160404230401
L,-850,267,0,20160404230402
L,-1294,299,0,20160404230404
L,-606,17,0,20160404230406
L,-936,36,0,20160404230411
L,-829,0,0,20160404230412
L,-1051,521,0,20160404230416
R,-1466,252,1,20160404230423
R,-1348,268,1,20160404230424
L,-1764,330,0,20160404230427
M,-1467,335,0,20160404230429
M,-1610,553,0,20160404230505
M,-1610,177,0,20160404230513
L,-1418,374,0,20160404230515
L,-1636,591,0,20160404230549
L,-1785,692,0,20160404230619
L,-1590,319,0,20160404230626
L,-1590,319,0,20160404230627
L,-1590,319,0,20160404230627
L,-1590,319,0,20160404230627
L,-1710,319,1,20160404230628
R,-1534,322,0,20160404230630
L,-1514,348,0,20160404230630
L,-1725,261,0,20160404230635
L,-1775,327,0,20160404230637
M,-1588,316,0,20160404230648
L,-606,7,0,20160404230708
L,-1844,86,0,20160404230721
L,-830,0,0,20160404230722
L,-498,80,0,20160404230731
M,-570,201,0,20160404230733
M,-491,210,0,20160404230734
L,-869,0,0,20160404230735
L,-700,0,0,20160404230744
L,-1228,270,0,20160404230745
L,-733,177,0,20160404230746
L,-1236,311,0,20160404230750
L,-1237,344,0,20160404230753
L,-1107,315,0,20160404230803
L,-994,780,0,20160404230807
L,-801,0,0,20160404230817
L,-1554,350,0,20160404230820
1,-1546,347,0,20160404230824
L,-626,296,0,20160404230833
R,-1047,438,1,20160404230839
R,-979,182,1,20160404230841
R,-893,183,1,20160404230841
L,-574,207,0,20160404231019
L,-628,222,0,20160404231029
L,-834,0,0,20160404231031
L,-638,178,0,20160404231033
L,-915,0,0,20160404231034
L,-406,77,0,20160404231036
L,-896,18,0,20160404231037
L,-810,3,0,20160404231038
L,-926,0,0,20160404231038
L,-786,494,0,20160404231043
L,-787,495,0,20160404231044
M,-1138,418,0,20160404231046
L,-787,0,0,20160404231059
M,-1104,464,0,20160404231115
M,-1190,466,0,20160404231116
R,-1032,582,1,20160404231117
M,-1253,612,0,20160404231119
M,-1170,615,0,20160404231119
R,-968,583,1,20160404231120
L,-666,0,0,20160404231121
L,-609,15,0,20160404231124
L,-1602,90,1,20160404231137
M,-1618,254,0,20160404231141
M,-1586,370,0,20160404231144
L,-1228,0,0,20160404231246
R,-1240,276,1,20160404231252
R,-1502,368,1,20160404231253
L,-1618,387,0,20160404231308
L,-1503,482,0,20160404231330
L,-1058,266,0,20160404231332
L,-919,470,0,20160404231345
L,-1134,458,0,20160404231348
L,-1256,582,1,20160404231422
L,-942,466,0,20160404231423
L,-944,446,0,20160404231438
L,-930,627,0,20160404231443
M,-1436,628,0,20160404231500
L,1001,615,0,20160404231506
L,-982,1,0,20160404231509
L,-955,10,0,20160404231510
L,-419,6,0,20160404231514
R,-1170,282,1,20160404231524
L,-933,457,0,20160404231527
M,-967,475,0,20160404231530
M,-967,475,0,20160404231532
L,-644,35,0,20160404231533
M,-789,98,0,20160404231535
L,-642,350,0,20160404231537
L,-779,0,0,20160404231538
L,-897,0,0,20160404231539
L,-1002,0,0,20160404231540
L,-1154,0,0,20160404231541
R,-1251,371,1,20160404231543
L,-1289,0,0,20160404231549
M,-970,191,0,20160404231554
L,-1207,0,0,20160404231559
L,-709,0,0,20160404231606
L,-1375,454,0,20160404231607
L,-1406,454,0,20160404231610
L,-1310,0,0,20160404231617
L,-1199,0,1,20160404231620
L,-1098,0,0,20160404232425
R,-1181,549,1,20160404232426
L,-996,0,0,20160404232430
R,-1013,175,1,20160404232431
L,-874,0,0,20160404232432
R,-874,291,1,20160404232433
L,-1382,452,0,20160404232435
L,-680,0,0,20160404232438
L,-1507,0,0,20160404232446
L,-1413,0,0,20160404232447
L,-1619,0,0,20160404232448
L,-605,8,0,20160404232719
L,-880,0,0,20160404232730
L,-970,0,0,20160404232732
L,-1110,0,0,20160404232733
L,-1195,0,0,20160404232733
R,-889,609,1,20160404232812
M,-933,405,0,20160404232831
M,-922,374,0,20160404232832
R,-922,373,1,20160404232833
L,-693,0,0,20160404232836
L,-1390,0,0,20160404232837
R,-1186,436,1,20160404232838
L,-1299,557,0,20160404232937
L,-839,88,0,20160404233122
L,-839,88,0,20160404233124
L,-839,88,0,20160404233126
L,-840,88,0,20160404233127
R,-1056,602,1,20160404233143
R,-1053,505,1,20160404233144
L,-663,0,0,20160404233147
L,-821,0,0,20160404233148
L,-796,0,0,20160404233148
L,-895,0,0,20160404233148
L,-950,0,0,20160404233149
L,-1078,1,0,20160404233149
L,-1206,0,0,20160404233150
L,-1241,0,0,20160404233150
L,-1337,0,0,20160404233151
L,-1463,0,0,20160404233151
L,-1549,0,0,20160404233152
L,-1647,0,0,20160404233155
L,1876,1054,0,20160404233206
L,1228,846,0,20160404233210
L,-1385,0,0,20160404233213
L,-682,0,1,20160404233215
L,-760,0,0,20160404233216
L,-1564,0,0,20160404233221
L,-1659,0,0,20160404233223
L,-1510,192,1,20160404233430
L,-1386,0,0,20160404233441
L,-1473,0,0,20160404233443
L,884,284,1,20160404233503
L,415,808,1,20160404233511
L,-1496,0,0,20160404233514
L,-1511,0,1,20160404233516
L,-1502,0,0,20160404233517
L,-1674,0,1,20160404233519
L,1919,0,0,20160404233533
R,1674,1058,0,20160404233549
L,1530,998,0,20160404233551
L,433,262,0,20160404233553
L,433,262,0,20160404233553
L,266,222,0,20160404233553
L,266,222,0,20160404233554
L,276,241,0,20160404233555
L,276,241,0,20160404233555
L,256,331,0,20160404233559
L,256,331,0,20160404233559
L,683,247,0,20160404233602
R,683,247,0,20160404233602
L,758,352,0,20160404233604
L,893,228,0,20160404233619
R,893,228,0,20160404233619
L,925,325,0,20160404233621
L,904,332,0,20160404233625
L,904,332,0,20160404233625
L,1782,36,1,20160404233630
L,1823,10,0,20160404233631
R,1621,1060,1,20160404233638
L,1427,454,1,20160404233644
L,1897,8,0,20160404233646
L,1663,1059,0,20160404233647
L,1629,827,0,20160404233648
L,1408,307,0,20160404233653
L,498,127,0,20160404233659
L,675,726,0,20160404233705
R,690,243,0,20160404233721
L,719,336,0,20160404233722
L,641,187,0,20160404233729
L,1905,1,0,20160404233742
L,1907,6,0,20160404233751
R,1648,1063,0,20160404233753
L,1665,1051,0,20160404233755
L,782,0,1,20160404233757
L,1202,338,0,20160404233758
L,1256,341,0,20160404233800
R,1256,341,0,20160404233800
L,37,146,0,20160404233805
L,37,146,0,20160404233805
L,774,641,0,20160404233811
L,1413,156,0,20160404233813
R,1243,346,0,20160404233815
L,1262,400,0,20160404233822
L,954,565,0,20160404233824
L,1831,438,0,20160404233827
L,1137,347,0,20160404233831
L,1137,347,0,20160404233831
R,1624,1058,0,20160404233914
L,1635,1051,0,20160404233916
L,1674,1053,0,20160404233919
L,1660,920,0,20160404233922
L,798,348,0,20160404233924
L,798,348,0,20160404233924
L,722,449,0,20160404233926
L,722,449,0,20160404233926
L,1103,343,0,20160404233927
R,1103,343,0,20160404233927
L,985,619,0,20160404234159
L,796,845,0,20160404234201
L,1116,342,0,20160404234209
R,1116,342,0,20160404234210
L,1143,398,0,20160404234211
L,1836,438,0,20160404234213
L,744,767,0,20160404234218
L,1138,507,0,20160404234226
L,1160,389,0,20160404234230
L,971,611,0,20160404234232
L,971,611,0,20160404234232
L,1117,487,0,20160404234233
L,1117,487,0,20160404234234
L,1153,602,0,20160404234235
L,1144,404,0,20160404234236
L,897,616,0,20160404234237
L,897,616,0,20160404234238
L,993,538,0,20160404234238
L,993,538,0,20160404234239
L,936,697,0,20160404234241
L,1008,598,0,20160404234243
L,1294,541,0,20160404234244
L,1230,376,0,20160404234245
L,45,142,0,20160404234248
L,45,142,0,20160404234248
L,1402,148,0,20160404234253
L,49,145,0,20160404234254
L,49,145,0,20160404234254
L,1445,383,1,20160404234256
L,745,693,0,20160404234257
L,745,693,0,20160404234258
R,1643,1052,0,20160404234259
L,1710,898,0,20160404234301
R,1644,1070,0,20160404234302
L,1744,919,0,20160404234303
L,1420,172,0,20160404234308
L,1311,356,0,20160404234310
R,1311,356,0,20160404234310
L,1337,408,0,20160404234311
L,1830,448,0,20160404234313
L,1241,320,0,20160404234315
1,1068,489,0,20160404234324
L,837,588,0,20160404234325
R,837,588,0,20160404234325
L,1009,96,0,20160404234327
L,978,593,0,20160404234340
L,910,501,0,20160404234345
L,975,691,0,20160404234349
L,1297,553,0,20160404234351
L,1297,575,0,20160404234351
L,1310,564,0,20160404234352
L,1836,450,0,20160404234353
L,802,581,0,20160404234354
L,802,581,0,20160404234354
L,-1017,16,1,20160404234400
L,916,645,0,20160404234402
L,1072,614,0,20160404234407
L,-1521,324,0,20160404234415
L,-1524,329,0,20160404234416
L,-1216,333,0,20160404234416
M,-1628,770,0,20160404234426
L,-1628,770,0,20160404234427
L,-450,214,0,20160404234428
L,-450,214,0,20160404234429
L,-450,214,0,20160404234431
L,-450,214,0,20160404234432
L,-450,214,0,20160404234433
L,-450,214,0,20160404234434
L,-450,214,0,20160404234434
L,-450,214,0,20160404234435
L,-450,214,0,20160404234436
L,-450,214,0,20160404234437
L,-450,214,0,20160404234437
L,-450,214,0,20160404234438
L,-450,214,0,20160404234438
L,-450,214,0,20160404234439
L,-450,214,0,20160404234439
L,-479,207,0,20160404234441
L,-479,207,0,20160404234442
L,-479,207,0,20160404234442
L,-479,207,0,20160404234443
L,-449,210,0,20160404234444
L,-470,207,0,20160404234446
L,-488,216,0,20160404234448
L,-488,216,0,20160404234449
L,-551,212,0,20160404234450
L,-551,212,0,20160404234451
L,-551,212,0,20160404234452
L,-551,199,0,20160404234454
L,-1623,174,0,20160404234455
L,-1627,178,1,20160404234455
L,-1041,13,1,20160404234759
L,-578,11,1,20160404234802
L,710,606,0,20160404234805
L,788,117,1,20160404234806
L,43,40,0,20160404234808
L,43,40,0,20160404234808
L,566,268,0,20160404235919
L,1053,554,1,20160404235920
L,1059,609,0,20160404235921
L,947,428,0,20160404235929
L,947,428,0,20160404235929
L,947,428,0,20160404235931
L,947,428,0,20160404235931
L,1312,434,0,20160404235933
L,1475,230,0,20160404235934
L,908,89,1,20160404235936
L,1661,411,0,20160405000011
L,-1351,0,0,20160405000012
L,-1261,0,0,20160405000015
L,-1181,0,0,20160405000016
L,-1094,1,0,20160405000016
L,-970,0,0,20160405000016
L,-875,2,1,20160405000017
L,-778,0,0,20160405000017
L,-665,0,0,20160405000017
L,-771,0,0,20160405001552
L,-714,0,0,20160405001553
L,-603,17,0,20160405001556
L,-765,0,0,20160405001557
M,-1308,557,0,20160405001604
L,-809,357,0,20160405001611
R,-1430,514,1,20160405001615
M,-542,85,0,20160405001619
R,-1320,486,1,20160405001647
L,-830,94,1,20160405001651
L,-830,92,0,20160405001651
L,-611,9,1,20160405010927
L,-1327,164,0,20160405010930
L,-1273,0,0,20160405010932
L,-658,0,1,20160405010935
L,-910,0,0,20160405010937
R,-1404,364,1,20160405010937
1,-1532,203,0,20160405010940
L,-858,0,0,20160405010954
L,-922,819,1,20160405010955
L,-982,706,0,20160405010957
L,-1112,424,1,20160405010959
L,168,0,0,20160405011004
L,40,334,0,20160405011006
L,327,0,1,20160405011007
L,537,258,0,20160405011008
L,912,361,0,20160405011016
L,638,409,0,20160405011017
L,604,438,1,20160405011018
L,735,502,0,20160405011019
L,549,570,0,20160405011021
L,591,229,1,20160405011023
M,427,340,0,20160405011029
L,916,358,0,20160405011038
L,622,428,0,20160405011038
L,599,462,0,20160405011040
L,737,517,0,20160405011043
L,561,591,0,20160405011045
L,589,246,1,20160405011047
L,912,356,0,20160405011055
L,609,412,0,20160405011056
L,597,442,0,20160405011056
L,1119,201,0,20160405011058
L,1121,199,0,20160405011058
L,669,237,1,20160405011100
L,898,368,0,20160405011105
L,622,423,0,20160405011106
L,596,469,0,20160405011107
L,738,523,0,20160405011107
L,558,593,0,20160405011108
L,611,257,1,20160405011110
L,908,358,1,20160405011113
L,579,423,0,20160405011114
L,591,465,0,20160405011115
L,550,584,0,20160405011116
L,613,243,1,20160405011117
L,924,364,0,20160405011132
L,631,426,0,20160405011133
L,593,533,0,20160405011134
L,563,493,0,20160405011136
L,752,520,0,20160405011137
L,562,589,0,20160405011139
L,1588,167,0,20160405011204
L,744,188,0,20160405011205
R,-962,296,1,20160405011213
L,-607,3,0,20160405011215
M,413,122,0,20160405011217
L,444,0,1,20160405011218
L,322,0,1,20160405011219
L,365,246,0,20160405011224
L,108,0,0,20160405011226
M,354,110,0,20160405011228
L,337,0,0,20160405011228
L,608,3,0,20160405011319
L,455,0,1,20160405011332
L,716,720,0,20160405011341
M,997,377,0,20160405011430
L,1556,319,0,20160405011450
L,370,328,0,20160405011453
L,-670,1,0,20160405011530
L,-628,418,0,20160405011532
R,-693,437,1,20160405011533
L,-1865,335,0,20160405011535
R,-1874,390,1,20160405011535
L,702,291,0,20160405011605
L,772,296,0,20160405011606
L,977,311,0,20160405011609
L,866,301,0,20160405011610
L,831,351,0,20160405011612
L,1582,158,0,20160405011616
L,699,291,0,20160405011617
L,850,298,0,20160405011620
L,1052,267,0,20160405011621
L,1574,162,0,20160405011621
L,1576,291,0,20160405011630
L,848,303,0,20160405011632
L,822,388,0,20160405011633
L,944,544,0,20160405011635
L,1591,166,0,20160405011637
L,1136,556,0,20160405011640
L,840,296,0,20160405011642
L,831,394,0,20160405011643
L,945,540,0,20160405011643
L,1598,159,0,20160405011645
L,1563,557,0,20160405011647
L,826,302,0,20160405011648
L,830,387,0,20160405011649
L,953,546,1,20160405011650
L,1577,171,0,20160405011651
L,704,620,0,20160405011654
L,831,301,0,20160405011655
L,832,388,0,20160405011656
L,953,537,0,20160405011657
L,1585,160,0,20160405011658
L,1565,422,0,20160405011700
L,851,293,0,20160405011701
L,841,400,0,20160405011702
L,948,549,0,20160405011702
L,1590,159,0,20160405011704
L,694,692,1,20160405011706
L,829,298,0,20160405011708
L,838,393,0,20160405011709
L,949,544,0,20160405011710
L,1587,156,0,20160405011711
L,1147,586,0,20160405011716
L,1588,156,0,20160405011718
L,1137,451,0,20160405011733
L,827,299,0,20160405011739
L,841,384,0,20160405011740
L,964,541,0,20160405011741
L,1584,163,0,20160405011743
L,703,413,0,20160405011746
L,850,298,0,20160405011747
L,818,391,0,20160405011748
L,931,543,1,20160405011749
L,948,545,0,20160405011749
L,1591,157,0,20160405011751
L,1579,420,0,20160405011754
L,857,293,0,20160405011755
L,846,389,0,20160405011756
L,960,548,0,20160405011757
L,1588,157,0,20160405011758
L,698,442,0,20160405011817
L,835,297,0,20160405011818
L,816,386,0,20160405011819
L,947,543,0,20160405011822
L,1587,155,0,20160405011823
L,1572,504,0,20160405011838
L,825,290,0,20160405011840
L,833,389,0,20160405011841
L,949,541,0,20160405011842
L,1596,162,0,20160405011843
L,1582,266,0,20160405011907
L,845,298,0,20160405011909
L,830,387,0,20160405011910
L,978,536,0,20160405011910
L,1583,158,0,20160405011911
L,1572,378,0,20160405011927
L,860,444,0,20160405011929
L,866,529,1,20160405011930
L,961,687,0,20160405011931
L,1595,153,0,20160405011933
L,1571,332,0,20160405011941
L,838,298,0,20160405011943
L,836,393,0,20160405011944
L,960,540,0,20160405011944
L,1592,160,0,20160405011945
L,1129,499,0,20160405012004
L,809,294,0,20160405012005
L,820,390,0,20160405012006
L,954,548,1,20160405012007
L,1590,161,0,20160405012008
L,1581,394,0,20160405012023
L,808,292,0,20160405012025
L,832,386,0,20160405012026
L,961,543,0,20160405012026
L,1583,152,0,20160405012028
L,1132,400,0,20160405012029
L,1593,159,0,20160405012031
L,1567,237,0,20160405012103
L,828,302,0,20160405012105
L,823,386,0,20160405012106
L,954,551,0,20160405012107
L,1595,161,0,20160405012108
L,704,205,0,20160405012120
L,705,200,0,20160405012121
L,700,195,0,20160405012122
L,705,299,0,20160405012123
L,807,295,0,20160405012124
L,823,391,0,20160405012125
L,968,543,0,20160405012125
L,1596,161,0,20160405012126
R,1727,559,1,20160405012207
R,1706,502,1,20160405012208
L,-606,0,0,20160405012226
L,-1167,530,0,20160405012243
L,-1541,629,0,20160405012249
L,-1541,629,0,20160405012249
L,-1306,524,0,20160405012250
L,-1306,524,0,20160405012250
L,-1164,545,0,20160405012252
L,1138,618,0,20160405012304
L,838,295,0,20160405012305
L,827,392,0,20160405012306
L,969,547,0,20160405012307
L,1582,164,0,20160405012308
R,1712,372,1,20160405012309
L,1146,483,0,20160405012318
L,790,297,0,20160405012320
L,850,399,0,20160405012321
L,949,542,0,20160405012321
L,1585,156,0,20160405012323
R,1693,472,1,20160405012325
M,1360,424,0,20160405012407
L,705,520,0,20160405012458
L,830,295,0,20160405012459
L,829,386,0,20160405012500
L,937,545,0,20160405012501
L,1589,159,0,20160405012503
R,1626,574,1,20160405012504
L,446,102,0,20160405012506
L,1568,377,0,20160405012516
L,1127,868,0,20160405012526
L,1370,872,0,20160405012528
L,1504,868,0,20160405012529
L,1611,868,0,20160405012531
L,1830,657,0,20160405012534
R,226,786,1,20160405012539
L,721,721,0,20160405012542
R,719,641,1,20160405012553
R,705,544,1,20160405012553
R,472,688,1,20160405012557
L,1311,178,0,20160405012559
R,903,570,1,20160405012602
L,-1099,426,0,20160405012621
L,-1099,426,0,20160405012622
L,-1099,426,0,20160405012623
L,-1099,426,0,20160405012623
L,-1099,426,0,20160405012623
L,-1099,426,0,20160405012623
L,-1099,426,0,20160405012623
L,-1099,426,0,20160405012623
L,-1099,426,0,20160405012624
L,-1099,426,0,20160405012624
L,-1100,426,0,20160405012624
L,-1100,426,0,20160405012624
L,-1100,426,0,20160405012624
L,-1100,426,0,20160405012624
L,-1100,426,0,20160405012625
L,-1100,426,0,20160405012625
L,-1100,426,0,20160405012625
L,-1100,426,0,20160405012625
L,-1100,426,0,20160405012625
L,-588,176,0,20160405012629
L,-599,5,0,20160405012710
L,-1409,267,0,20160405012715
L,-830,0,0,20160405012745
L,-936,0,0,20160405012754
M,-1518,394,0,20160405012757
R,-1467,456,1,20160405012804
R,-1444,394,1,20160405012805
R,-1425,425,1,20160405012811
L,-630,188,0,20160405012816
M,-1642,104,0,20160405012821
L,-870,0,1,20160405012822
L,-974,11,1,20160405012823
L,332,237,0,20160405012825
L,661,381,0,20160405012830
L,661,381,0,20160405012830
L,669,495,0,20160405012832
L,669,495,0,20160405012833
L,665,539,0,20160405012833
L,665,539,0,20160405012834
L,669,473,0,20160405012836
L,669,473,0,20160405012837
L,701,533,0,20160405012839
L,701,533,0,20160405012839
L,653,570,1,20160405012843
L,909,529,0,20160405012847
L,387,234,0,20160405012852
L,482,236,0,20160405012854
L,1000,372,0,20160405012938
L,692,882,0,20160405012945
L,545,229,0,20160405012946
L,591,319,0,20160405013009
L,188,401,0,20160405013011
L,589,460,0,20160405013017
L,183,522,0,20160405013019
L,615,487,0,20160405013023
L,615,487,0,20160405013024
L,595,429,0,20160405013031
L,585,600,0,20160405013034
L,594,204,0,20160405013036
L,584,290,0,20160405013037
L,580,609,0,20160405013040
L,587,718,0,20160405013042
L,588,909,0,20160405013045
L,593,232,0,20160405013047
L,659,235,0,20160405013049
L,-915,0,0,20160405013057
L,-790,0,0,20160405013059
R,-1036,325,1,20160405013255
L,-695,0,0,20160405013319
R,-1260,238,1,20160405013320
M,-1680,156,1,20160405013321
L,-700,0,0,20160405013326
L,-1174,364,0,20160405013328
L,-1146,423,0,20160405013345
L,-1164,344,0,20160405013346
R,-1346,458,0,20160405013350
L,-1342,438,0,20160405013350
L,-1440,495,0,20160405013351
L,-1339,487,0,20160405013352
L,-1339,487,0,20160405013353
L,-977,474,0,20160405013354
R,-977,474,0,20160405013354
L,-979,459,0,20160405013355
L,-780,21,0,20160405013356
L,-1156,431,0,20160405013400
L,-817,422,0,20160405013404
L,-786,104,0,20160405013411
L,-1178,226,0,20160405013414
L,-858,0,0,20160405013417
L,-760,0,0,20160405013419
L,-600,481,0,20160405013433
L,-942,0,0,20160405013433
R,-943,150,1,20160405013434
L,-1342,340,0,20160405013437
L,-1360,377,0,20160405013439
L,-1586,168,0,20160405013441
L,-1580,197,0,20160405013445
L,-795,0,0,20160405013500
L,-796,618,0,20160405013502
L,-474,550,0,20160405013506
R,-481,528,1,20160405013515
L,-661,0,0,20160405013517
R,-630,289,1,20160405013517
L,220,8,0,20160405013625
L,429,92,1,20160405013631
L,490,94,0,20160405013633
M,214,254,0,20160405013639
R,634,155,1,20160405013847
R,646,233,1,20160405013848
L,725,235,0,20160405013850
L,829,244,0,20160405013851
L,873,239,0,20160405013855
L,391,92,0,20160405013908
L,-791,0,0,20160405013910
M,509,394,0,20160405014131
L,-931,0,0,20160405014132
L,496,352,0,20160405014147
R,126,736,1,20160405014234
M,437,404,0,20160405014243
M,1530,198,0,20160405014308
L,-959,-1,1,20160405014437
L,-922,481,0,20160405014439
L,-1190,414,0,20160405014457
L,-1450,681,0,20160405014507
L,-1438,486,0,20160405014514
L,-1003,664,0,20160405014522
L,-1022,667,1,20160405014528
L,-1012,670,0,20160405014555
L,-742,470,0,20160405014558
L,-742,470,0,20160405014600
L,-837,783,0,20160405014608
L,-1213,578,0,20160405014611
L,-1791,97,0,20160405014708
L,-827,0,0,20160405014717
L,-1114,0,0,20160405014718
R,-1132,176,1,20160405014719
L,-1215,0,0,20160405014721
L,-1366,0,0,20160405014722
L,-1221,0,0,20160405014722
L,-708,0,0,20160405014723
L,-984,0,0,20160405014825
L,-1160,0,0,20160405014826
L,-1010,0,0,20160405014826
L,-601,20,0,20160405014831
M,-1599,579,0,20160405014844
L,-834,0,0,20160405014857
R,-1186,391,1,20160405014903
L,472,556,0,20160405014919
R,472,556,0,20160405014919
L,393,662,0,20160405014921
L,386,305,0,20160405014922
L,386,305,0,20160405014922
L,391,455,0,20160405014923
L,391,455,0,20160405014924
L,391,455,0,20160405014924
1,398,429,0,20160405014925
L,395,432,0,20160405014925
L,395,432,0,20160405014926
1,395,432,0,20160405014927
L,397,406,0,20160405014928
L,397,406,0,20160405014928
L,723,494,0,20160405014928
R,723,494,0,20160405014929
L,1016,610,0,20160405014932
L,856,430,0,20160405014932
R,790,323,0,20160405014933
L,829,379,0,20160405014934
L,566,365,0,20160405014940
L,1237,610,1,20160405014943
L,1149,514,0,20160405014943
L,1124,507,0,20160405014944
L,1138,460,0,20160405014944
L,826,493,0,20160405014959
L,1305,605,0,20160405015001
L,1180,493,1,20160405015009
L,1167,543,1,20160405015011
L,817,519,0,20160405015016
L,1160,682,0,20160405015016
L,1326,621,0,20160405015017
L,808,313,0,20160405015023
L,808,313,0,20160405015023
L,1150,648,0,20160405015031
L,1252,570,0,20160405015032
L,1251,501,0,20160405015033
R,-1050,309,1,20160405015035
L,-1457,99,1,20160405015037
L,-1677,257,0,20160405015045
L,-878,0,0,20160405015127
L,-702,3,0,20160405015325
R,-1224,426,1,20160405015328
L,-1393,169,0,20160405015329
R,-1168,399,1,20160405015347
L,-594,10,0,20160405015428
R,-1192,374,1,20160405015724
R,-1041,485,1,20160405015725
L,-1135,407,0,20160405015730
L,1850,450,0,20160405015742
L,812,322,0,20160405015746
R,788,501,0,20160405015747
L,918,744,0,20160405015750
L,419,302,0,20160405015751
L,312,53,1,20160405015756
L,783,331,0,20160405015813
R,783,331,0,20160405015814
L,836,430,0,20160405015815
L,1014,319,0,20160405015815
R,1014,319,0,20160405015815
L,679,494,0,20160405015817
R,999,304,0,20160405015821
L,1040,405,0,20160405015825
L,368,449,0,20160405015826
R,368,449,0,20160405015826
L,455,551,0,20160405015827
L,381,56,0,20160405015829
L,470,70,0,20160405015906
L,563,66,0,20160405015908
L,660,497,0,20160405015914
R,660,497,0,20160405015914
L,565,424,0,20160405015917
R,1645,1060,0,20160405015923
L,1666,1017,0,20160405015924
L,1140,629,0,20160405015925
R,-942,503,1,20160405020012
R,-942,510,1,20160405020104
L,-1145,612,0,20160405020108
L,-1134,563,0,20160405020110
R,-1122,566,1,20160405020111
L,-605,10,0,20160405020148
L,-842,0,0,20160405020250
R,-1076,415,1,20160405020251
L,900,574,0,20160405020307
L,1904,7,0,20160405020308
L,771,316,0,20160405020315
R,771,316,0,20160405020315
L,800,412,0,20160405020316
L,696,0,0,20160405020317
L,1042,85,0,20160405020339
L,1054,75,0,20160405020341
L,573,1069,0,20160405020452
L,1903,19,0,20160405020453
L,1892,5,0,20160405020503
L,40,23,0,20160405020506
L,40,23,0,20160405020506
L,145,138,0,20160405020507
L,1014,608,0,20160405020508
L,1048,65,0,20160405020509
L,1665,1050,0,20160405020514
L,1655,838,0,20160405020515
L,661,348,0,20160405020519
L,661,348,0,20160405020520
L,1062,446,1,20160405020521
L,1909,2,0,20160405020523
L,550,363,0,20160405020526
R,550,363,0,20160405020526
L,583,420,0,20160405020527
L,826,447,1,20160405020531
L,1265,151,0,20160405020533
L,440,352,0,20160405020535
L,440,352,0,20160405020535
L,453,346,0,20160405020537
L,453,346,0,20160405020538
L,328,177,0,20160405020539
L,296,201,0,20160405020542
L,887,152,1,20160405020551
L,916,1028,0,20160405020553
L,128,30,0,20160405020555
L,152,61,0,20160405020556
L,282,130,0,20160405020557
L,335,272,0,20160405020558
L,298,11,1,20160405020559
L,138,37,0,20160405020600
L,170,75,0,20160405020601
L,184,98,0,20160405020601
L,285,61,1,20160405020602
L,980,986,0,20160405020605
L,979,996,0,20160405020606
R,979,996,0,20160405020606
L,897,867,0,20160405020608
L,295,53,0,20160405020609
L,654,384,0,20160405020612
L,632,998,0,20160405020614
L,212,52,0,20160405020617
L,225,78,0,20160405020617
L,253,59,0,20160405020618
L,536,659,0,20160405020620
L,606,909,0,20160405020621
L,1197,894,0,20160405020626
L,1185,900,0,20160405020630
L,810,881,0,20160405020633
L,802,899,0,20160405020633
L,1185,35,0,20160405020635
L,671,574,0,20160405020636
L,1047,70,0,20160405020637
L,-933,0,0,20160405020639
R,-1179,408,1,20160405020639
L,-843,71,0,20160405020640
L,-830,87,0,20160405020641
L,-610,16,0,20160405020713
R,-1538,274,1,20160405021047
L,-1675,158,0,20160405021048
R,-1435,206,1,20160405021211
L,-1058,14,0,20160405021214
L,-910,0,0,20160405021214
L,-837,77,0,20160405021225
L,-837,77,0,20160405021226
L,-1722,352,0,20160405021228
L,-1449,354,0,20160405021231
L,-1452,333,0,20160405021232
M,-1686,334,0,20160405021248
M,-1518,366,0,20160405021254
M,-1692,450,0,20160405021301
M,-1551,460,0,20160405021301
M,-1544,476,0,20160405021305
R,-1195,258,1,20160405021337
R,-1170,295,1,20160405021411
R,-1117,435,1,20160405021430
L,-636,0,0,20160405021510
M,-1550,482,0,20160405021542
R,-1282,615,1,20160405021543
R,-1201,458,1,20160405021545
L,-1121,0,0,20160405021554
R,1625,1066,1,20160405021556
L,-818,0,0,20160405021559
R,1617,1048,1,20160405021602
R,-1239,390,1,20160405021607
L,-1600,484,0,20160405021637
L,-1596,472,0,20160405021637
L,-1583,441,0,20160405021756
M,-871,336,0,20160405021856
R,-893,563,1,20160405021857
R,-774,423,1,20160405021859
R,-790,550,1,20160405021902
M,-883,323,0,20160405021904
R,-898,528,1,20160405021904
R,-786,250,1,20160405021912
L,-989,0,0,20160405021959
L,-1233,462,0,20160405022005
M,-706,195,0,20160405022028
L,-434,235,0,20160405022029
L,-967,0,0,20160405022030
L,-1316,489,0,20160405022044
L,-712,466,0,20160405022051
L,-961,480,0,20160405022349
L,-1220,533,0,20160405022400
L,-684,267,0,20160405022407
L,-1064,506,0,20160405022421
L,-1054,486,0,20160405022423
L,-1038,517,0,20160405022429
L,-693,438,0,20160405022433
L,-1108,530,0,20160405022441
L,-644,382,0,20160405022445
L,-918,426,0,20160405022540
L,-616,382,0,20160405022556
L,-1378,178,1,20160405022644
L,-1001,564,0,20160405022730
L,-601,422,0,20160405022734
L,-1164,480,0,20160405022801
L,-1146,442,0,20160405022825
L,-570,417,0,20160405022828
L,-1379,274,1,20160405022950
L,-1379,635,0,20160405023020
L,-1302,569,0,20160405023039
L,-1854,443,0,20160405023041
L,-1422,430,0,20160405023052
L,-1375,402,0,20160405023053
R,-1430,507,1,20160405023139
L,-1783,80,0,20160405023141
L,-1006,394,0,20160405023143
L,-1326,702,0,20160405023200
R,-984,658,1,20160405023451
R,-992,660,1,20160405023452
M,-888,287,0,20160405023500
L,-1158,818,0,20160405023502
L,-1179,461,0,20160405023504
L,-962,0,0,20160405023508
R,-1028,355,1,20160405023605
R,-1376,340,1,20160405023617
R,-1322,378,1,20160405023618
L,-712,0,0,20160405023619
R,-857,313,1,20160405023621
L,-886,0,0,20160405023623
R,-909,413,1,20160405023626
L,-1809,81,0,20160405023630
M,-1526,390,0,20160405023634
M,-1664,320,0,20160405023640
M,-1565,431,0,20160405023641
M,-1578,422,1,20160405023659
M,-1385,299,0,20160405023701
R,-861,335,1,20160405023704
R,-913,324,1,20160405023817
M,-1770,214,0,20160405023820
R,-1558,492,1,20160405023824
R,-1390,362,1,20160405023850
M,-1398,148,1,20160405023931
R,-1394,158,1,20160405023934
R,-1324,268,1,20160405023936
L,-1013,155,0,20160405024058
L,-1562,400,0,20160405024106
L,-566,375,0,20160405024216
R,-952,629,1,20160405024231
R,-954,572,1,20160405024232
L,-1324,476,0,20160405024241
L,-1226,598,1,20160405024243
L,-1560,544,0,20160405024248
L,-1128,0,0,20160405024252
L,-1130,3,1,20160405024253
L,-733,6,0,20160405024304
L,-933,0,0,20160405024315
L,5,61,1,20160405024318
L,-964,786,0,20160405024321
L,-960,799,0,20160405024321
L,-772,0,0,20160405024323
L,-761,0,1,20160405024324
L,605,2,1,20160405024325
L,629,0,1,20160405024326
L,680,214,0,20160405024327
L,392,75,0,20160405024330
L,404,65,0,20160405024331
L,404,65,0,20160405024332
L,451,513,0,20160405024348
L,110,39,0,20160405024350
M,309,547,0,20160405024352
L,307,24,0,20160405024403
L,443,20,0,20160405024405
L,640,251,1,20160405024409
L,-1082,694,0,20160405024411
L,718,737,0,20160405024424
L,718,737,0,20160405024427
L,693,767,0,20160405024428
R,671,697,1,20160405024429
R,637,665,1,20160405024429
R,418,621,1,20160405024430
R,632,580,1,20160405024431
R,619,765,1,20160405025103
L,297,54,0,20160405025105
L,332,30,0,20160405025105
L,484,23,0,20160405025106
L,275,19,0,20160405025106
R,479,461,1,20160405025308
R,464,329,1,20160405025310
L,586,246,1,20160405025311
R,570,254,1,20160405025319
L,108,28,0,20160405025321
R,356,375,1,20160405025325
R,226,350,1,20160405025326
R,444,265,1,20160405025327
R,397,466,1,20160405025535
R,396,401,1,20160405025537
L,472,24,0,20160405025538
R,462,414,1,20160405025539
L,615,27,0,20160405025542
L,346,20,0,20160405025549
L,141,37,0,20160405025550
L,308,102,1,20160405025551
L,309,32,0,20160405025556
L,290,28,0,20160405025557
L,650,35,1,20160405025558
M,373,290,0,20160405025601
M,396,386,0,20160405025601
L,344,24,0,20160405025603
M,479,522,1,20160405025607
M,548,579,1,20160405025616
L,683,38,1,20160405025637
R,559,366,1,20160405025638
L,784,33,0,20160405025717
L,808,31,0,20160405025855
L,787,30,0,20160405025855
L,671,126,0,20160405025905
L,379,93,0,20160405025917
M,338,166,0,20160405025920
L,333,175,0,20160405025921
L,333,175,0,20160405025921
L,401,96,0,20160405025926
L,327,316,0,20160405025930
L,255,495,0,20160405025933
L,251,524,0,20160405025934
M,690,384,1,20160405025935
M,603,407,1,20160405025936
M,711,394,1,20160405025937
M,698,389,1,20160405025939
M,719,390,1,20160405025940
L,236,621,0,20160405025941
L,634,6,1,20160405025944
L,226,364,1,20160405025947
L,-777,278,0,20160405030003
L,-1676,431,0,20160405030036
L,-1775,488,0,20160405030047
L,-1652,666,0,20160405030242
L,-1692,271,0,20160405030259
L,-1662,285,0,20160405030319
L,-1614,376,0,20160405030327
L,-1625,422,0,20160405030329
L,-1637,544,0,20160405030330
L,-1748,530,0,20160405030530
L,-1688,517,0,20160405030607
L,-1682,502,0,20160405030608
L,-1624,474,0,20160405030614
L,-1648,524,0,20160405030615
L,-1677,598,0,20160405030619
L,-1595,310,0,20160405030814
L,-1659,374,0,20160405030819
L,-1851,124,0,20160405030820
L,-1720,786,0,20160405030824
L,-1623,702,0,20160405030830
L,9,1062,0,20160405030905
L,1011,575,0,20160405030906
L,1051,560,0,20160405030906
L,0,1079,0,20160405030907
L,1081,587,0,20160405030908
L,1208,801,0,20160405030942
L,454,1065,0,20160405030954
L,480,1052,0,20160405031005
L,480,1052,0,20160405031007
L,-1145,638,0,20160405031014
L,-1094,477,0,20160405031026
L,-1094,477,0,20160405031027
L,-1094,477,0,20160405031028
L,-1094,477,0,20160405031029
L,-1094,477,0,20160405031029
L,-1094,477,0,20160405031029
L,-1094,477,0,20160405031029
L,-1094,477,0,20160405031029
L,-1094,477,0,20160405031030
L,-1094,477,0,20160405031030
L,-1094,477,0,20160405031030
L,-1094,477,0,20160405031030
L,-1086,453,0,20160405031031
L,-1102,490,0,20160405031032
L,-1102,490,0,20160405031032
L,-1102,490,0,20160405031033
1,-1102,490,0,20160405031033
1,-1102,490,0,20160405031034
L,-861,180,0,20160405031042
L,-1318,295,0,20160405031045
L,-1178,314,0,20160405031046
L,-1198,445,0,20160405031047
L,-1032,187,0,20160405031050
L,-1032,186,0,20160405031050
L,-1033,181,0,20160405031050
L,-1027,174,0,20160405031051
L,-1066,178,0,20160405031052
L,-1390,179,1,20160405031053
L,-1369,188,0,20160405031054
L,-1408,172,1,20160405031056
L,-1160,166,0,20160405031057
L,-1144,170,0,20160405031058
L,-1834,70,0,20160405031114
L,-1618,191,0,20160405031115
L,-1036,118,0,20160405031118
L,-1198,339,0,20160405031120
1,-661,520,0,20160405031124
1,-1236,606,0,20160405031125
L,-1308,631,0,20160405031126
L,-1169,572,0,20160405031127
L,-1182,452,0,20160405031128
L,1156,336,0,20160405031130
L,-1142,154,0,20160405031132
L,-1110,161,1,20160405031133
L,-414,14,0,20160405031146
L,-756,200,0,20160405031147
L,-579,15,1,20160405031150
L,459,1054,0,20160405031152
L,483,971,0,20160405031153
L,1557,18,1,20160405031154
L,-1402,182,1,20160405031156
L,-580,13,1,20160405031158
L,871,343,0,20160405031201
L,1476,0,1,20160405031202
L,1282,10,1,20160405031203
L,1084,0,0,20160405031204
R,938,558,1,20160405031205
R,946,559,1,20160405031206
L,1174,570,0,20160405031211
R,1314,535,1,20160405031256
L,1262,0,0,20160405031257
L,1636,0,1,20160405031259
L,1054,270,1,20160405031309
L,901,598,0,20160405031317
L,-408,45,0,20160405031506
L,-458,270,0,20160405031507
L,-819,341,0,20160405031508
M,-808,343,1,20160405031511
L,-399,44,0,20160405031512
L,-542,287,0,20160405031513
L,-894,394,0,20160405031514
L,-578,8,1,20160405031518
L,470,1075,0,20160405031520
L,388,959,0,20160405031521
L,1463,11,1,20160405031522
L,977,369,0,20160405031529
L,470,0,1,20160405031726
R,-1258,151,1,20160405031752
L,502,5,1,20160405031754
R,-1263,205,1,20160405031813
L,629,0,1,20160405031816
R,-1306,282,1,20160405031844
L,-1686,3,0,20160405031943
L,322,0,1,20160405031947
L,-1600,0,0,20160405031948
L,-1635,181,0,20160405031951
L,-1573,493,0,20160405031959
L,-1775,493,0,20160405032213
L,-1157,239,0,20160405032315
L,-1596,458,0,20160405032343
L,-1683,538,1,20160405032505
L,-1682,524,0,20160405032506
L,-1200,0,1,20160405032527
L,-690,114,1,20160405032745
L,423,880,0,20160405032804
L,436,790,0,20160405032806
L,455,682,0,20160405033037
L,413,626,0,20160405033043
L,405,516,0,20160405033729
L,361,611,0,20160405033732
L,252,468,0,20160405033758
L,326,401,0,20160405033807
L,-1033,0,1,20160405034050
L,418,416,0,20160405034211
L,433,594,0,20160405034242
L,416,673,0,20160405034303
L,420,670,0,20160405034306
L,434,625,0,20160405034307
L,332,711,0,20160405034311
L,470,628,0,20160405034451
L,603,0,0,20160405034455
L,729,83,0,20160405034519
L,549,80,0,20160405034529
L,549,80,0,20160405034529
L,549,80,0,20160405034529
L,267,435,0,20160405034549
L,364,539,0,20160405034550
L,424,622,0,20160405034554
L,318,772,0,20160405034557
L,382,888,0,20160405034601
L,393,952,1,20160405034601
L,740,0,0,20160405034606
M,360,258,0,20160405034614
L,891,0,0,20160405034616
R,665,620,1,20160405034931
M,505,616,0,20160405034940
L,868,0,0,20160405034943
L,466,0,0,20160405035006
L,819,0,0,20160405035045
L,493,0,0,20160405035151
L,356,463,0,20160405035229
L,378,549,0,20160405035235
L,831,0,0,20160405035245
L,1793,381,0,20160405035502
L,815,185,0,20160405035619
1,815,185,0,20160405035620
L,703,0,0,20160405035735
M,384,258,0,20160405035736
L,778,21,0,20160405035737
L,843,0,0,20160405035737
L,1108,0,0,20160405035740
L,466,0,0,20160405035857
L,487,435,0,20160405035900
L,319,689,0,20160405035903
L,381,763,1,20160405035905
L,397,936,0,20160405035907
L,382,956,0,20160405035908
L,1016,0,0,20160405035925
L,362,0,0,20160405035931
L,482,0,0,20160405035931
L,315,0,0,20160405035956
L,753,0,0,20160405035958
L,823,0,0,20160405035959
L,1122,0,0,20160405040000
L,1182,6,0,20160405040025
M,419,526,0,20160405040042
R,848,747,1,20160405040044
M,1078,728,0,20160405040245
R,1435,831,1,20160405040246
R,1510,612,1,20160405040252
R,1553,718,1,20160405040302
R,1193,676,1,20160405040314
R,954,643,1,20160405040314
L,1024,0,0,20160405040321
L,-1024,406,1,20160405040523
L,-1512,14,0,20160405040524
L,-1411,94,1,20160405040612
L,-1220,467,0,20160405040622
L,-747,482,0,20160405040624
L,-1236,344,1,20160405040814
L,-1033,297,0,20160405040817
L,-970,10,1,20160405041056
L,-946,226,1,20160405041107
L,-1308,417,0,20160405041128
L,-1506,275,1,20160405041230
L,-1398,273,1,20160405041238
L,-1509,167,1,20160405041343
L,-1328,170,0,20160405041357
L,-1523,422,1,20160405041454
L,-1508,119,1,20160405041524
L,-1506,112,0,20160405041527
L,-1505,119,1,20160405041528
L,-1398,119,1,20160405041531
L,-1282,116,1,20160405041534
L,-1309,74,0,20160405041542
R,-1218,319,1,20160405041557
L,1058,512,0,20160405041559
L,1331,12,0,20160405041825
R,1284,237,1,20160405041826
L,892,0,0,20160405041827
R,-1038,424,1,20160405041834
R,-963,431,1,20160405041835
R,-1030,328,1,20160405041837
L,-1478,11,1,20160405041839
L,-876,0,0,20160405041840
M,-693,340,0,20160405041901
L,-744,510,0,20160405041902
L,-865,6,0,20160405041902
L,-1850,87,0,20160405042021
L,-1282,470,0,20160405042024
L,-591,0,0,20160405042110
L,-1474,269,0,20160405042116
L,-1254,547,0,20160405042119
L,-587,360,0,20160405042125
R,-528,430,0,20160405042128
L,-644,660,0,20160405042130
L,-1215,354,1,20160405042136
L,-1099,562,1,20160405042146
R,-1114,589,1,20160405042147
L,-1345,222,0,20160405042152
L,-1345,222,0,20160405042152
1,-1330,254,0,20160405042155
L,-1194,357,1,20160405042156
L,-1338,222,0,20160405042157
L,-1338,222,0,20160405042158
L,-1326,315,0,20160405042159
L,-1138,353,1,20160405042200
R,-1139,353,0,20160405042200
L,-1042,523,0,20160405042202
L,-1744,96,0,20160405042206
L,-1366,392,1,20160405042213
L,-1242,442,0,20160405042214
1,-1204,469,0,20160405042219
L,-998,238,0,20160405042224
L,-998,238,0,20160405042224
1,-998,238,0,20160405042226
R,-1531,530,0,20160405042229
L,-1430,264,0,20160405042231
R,-1574,274,0,20160405042236
L,-1444,524,0,20160405042237
L,-1179,452,0,20160405042240
L,-782,424,0,20160405042241
L,-755,417,1,20160405042242
L,-562,228,1,20160405042245
L,-531,216,1,20160405042247
L,-982,228,0,20160405042251
L,-982,228,0,20160405042251
1,-994,253,0,20160405042253
L,-764,220,0,20160405042254
L,-764,220,0,20160405042254
1,-1238,312,0,20160405042256
L,-1125,394,1,20160405042258
L,-1181,347,0,20160405042300
L,-1003,236,0,20160405042300
L,-1003,236,0,20160405042301
1,-1050,299,0,20160405042302
L,-1257,373,1,20160405042303
L,-1558,357,1,20160405042304
L,-1138,234,0,20160405042306
L,-1138,234,0,20160405042306
1,-1199,426,0,20160405042308
L,-720,0,0,20160405042309
L,-1191,400,0,20160405042309
L,-1818,119,0,20160405042310
L,-1658,690,0,20160405042313
L,-986,362,1,20160405042314
L,-1307,604,0,20160405042318
L,-1661,106,0,20160405042322
L,-1557,626,0,20160405042325
L,-1339,222,0,20160405042332
L,-1339,222,0,20160405042332
L,-1386,271,0,20160405042334
L,-1386,271,0,20160405042334
L,-1304,256,1,20160405042337
L,-1318,252,0,20160405042339
L,-1303,254,1,20160405042340
L,-693,0,0,20160405042342
L,-1426,257,1,20160405042343
L,-1474,256,0,20160405042345
L,-1562,256,1,20160405042347
L,-1567,254,0,20160405042349
L,-1349,385,0,20160405042350
L,-1446,350,0,20160405042351
L,-1358,420,0,20160405042354
L,-1002,256,0,20160405042356
L,-1310,402,0,20160405042359
L,-950,6,1,20160405042404
L,-701,0,0,20160405042405
L,-1362,427,0,20160405042406
L,264,0,0,20160405042513
L,1312,0,0,20160405042517
L,-1192,354,0,20160405042521
L,-1214,356,0,20160405042546
L,-1571,306,1,20160405042547
L,1232,0,0,20160405042643
L,1079,0,0,20160405042650
L,-1168,632,0,20160405042653
L,1256,0,0,20160405042725
L,531,0,0,20160405042737
L,449,557,0,20160405042741
L,443,465,0,20160405042755
L,460,532,0,20160405042818
L,356,660,0,20160405042831
L,354,749,0,20160405042832
L,-1142,570,0,20160405042908
L,-1130,564,0,20160405042908
L,1015,0,0,20160405042952
L,-1020,429,0,20160405042954
L,-1020,450,0,20160405042955
L,-1084,486,0,20160405043031
L,-603,2,0,20160405043134
L,-1621,263,0,20160405043145
L,-1582,603,0,20160405043150
L,-1558,672,0,20160405043156
L,-1535,623,1,20160405043206
L,-909,0,0,20160405043210
L,-717,0,0,20160405043211
L,-933,0,0,20160405043214
L,-811,0,0,20160405043215
L,-674,0,0,20160405043302
L,-1570,376,1,20160405043305
L,-1572,490,0,20160405043311
L,-818,0,0,20160405043314
L,-920,0,0,20160405043314
L,-863,-1,1,20160405043315
L,-694,506,0,20160405043317
L,0,62,1,20160405043325
L,-1174,318,0,20160405043331
L,-1616,440,0,20160405043332
L,-1634,332,0,20160405043332
L,-1390,376,0,20160405043335
L,-1490,158,0,20160405043338
L,-1196,499,0,20160405043339
L,-1652,389,0,20160405043340
L,-1674,398,0,20160405043341
L,-1711,441,0,20160405043341
L,-1774,481,0,20160405043342
L,-723,395,0,20160405043342
L,-817,348,0,20160405043343
L,-461,203,0,20160405043345
L,-1019,622,0,20160405043347
L,-1619,274,1,20160405043353
L,-1246,270,0,20160405043359
L,-1302,329,0,20160405043400
L,-1409,441,0,20160405043401
L,-1478,622,0,20160405043402
L,-1618,364,1,20160405043410
L,-1638,599,0,20160405043415
L,-1310,688,0,20160405043426
L,-720,658,1,20160405043430
L,-958,587,0,20160405043435
L,-726,474,1,20160405043436
L,-1481,650,0,20160405043439
L,-1014,639,1,20160405043440
L,-962,655,0,20160405043442
L,-1083,286,0,20160405043444
L,-1626,297,1,20160405043450
L,-1445,281,0,20160405043455
L,-1246,394,0,20160405043457
L,-724,272,1,20160405043459
L,-1065,535,0,20160405043501
L,-1217,506,0,20160405043503
L,-1403,491,1,20160405043529
L,-865,674,0,20160405043718
L,-814,658,0,20160405043718
L,-1195,446,1,20160405043831
L,-983,157,0,20160405043833
L,-1044,372,0,20160405043834
L,-1098,418,0,20160405043834
L,-1693,122,0,20160405043836
L,-1547,474,0,20160405043838
L,-977,485,0,20160405043841
L,-750,468,0,20160405043841
L,-1662,121,0,20160405043843
L,-1549,473,0,20160405043844
L,-1307,508,0,20160405043846
L,-1305,506,0,20160405043847
L,-1295,496,0,20160405043847
L,-1274,461,0,20160405043848
L,-819,494,1,20160405043850
L,466,241,0,20160405043854
L,0,61,1,20160405043859
L,-1147,357,0,20160405043908
L,-1410,326,0,20160405043909
L,344,411,0,20160405043912
L,0,346,1,20160405043921
L,-1182,503,0,20160405043930
L,-912,501,0,20160405043931
L,-905,510,0,20160405043931
L,-1028,526,0,20160405043937
L,-1202,490,0,20160405043938
L,-1232,530,0,20160405043938
L,-1334,542,0,20160405043939
L,-1286,389,0,20160405043941
L,-950,542,0,20160405043943
L,-959,556,0,20160405043944
L,-1538,386,0,20160405043953
L,-460,212,0,20160405043958
L,1251,0,0,20160405044020
L,-1445,571,0,20160405044111
L,-1445,571,0,20160405044111
L,-1173,566,0,20160405044119
L,-780,590,0,20160405044134
L,-1564,637,0,20160405044139
L,-986,528,1,20160405044150
L,-1282,158,0,20160405044153
L,-1322,463,0,20160405044154
L,-1273,162,0,20160405044156
L,-1286,450,0,20160405044157
L,-980,523,0,20160405044158
L,-980,518,1,20160405044159
L,-1049,520,0,20160405044200
L,-933,541,1,20160405044202
L,-1279,155,0,20160405044203
L,-1299,398,0,20160405044204
L,-937,546,0,20160405044207
L,-993,507,0,20160405044207
L,-994,507,0,20160405044208
L,-994,519,0,20160405044208
L,-993,514,0,20160405044209
L,-870,514,0,20160405044242
L,-789,519,0,20160405044244
L,-785,519,1,20160405044244
L,-1015,534,0,20160405044246
L,-990,542,1,20160405044247
L,-1285,538,0,20160405044302
L,-1294,530,0,20160405044306
L,-1280,153,0,20160405044316
L,-1297,296,0,20160405044317
L,-1191,334,0,20160405044317
L,-1134,546,0,20160405044318
L,-1099,529,0,20160405044319
L,-923,498,0,20160405044321
L,-1358,427,0,20160405044323
L,-1012,164,0,20160405044326
L,-1230,450,0,20160405044329
L,-926,497,0,20160405044340
L,-805,609,0,20160405044400
L,-1264,465,1,20160405044403
L,-1422,494,1,20160405044407
L,-1134,498,1,20160405044410
L,-896,549,0,20160405044413
L,-760,506,0,20160405044414
L,-1214,468,1,20160405044421
L,-1091,471,1,20160405044426
L,-1095,462,0,20160405044427
L,-1508,422,1,20160405044431
L,-1515,423,0,20160405044431
L,-1508,420,0,20160405044432
L,-1511,420,1,20160405044433
L,-1402,423,1,20160405044435
L,-1370,369,1,20160405044438
L,-1510,372,0,20160405044441
L,-1418,494,0,20160405044447
L,-1296,494,0,20160405044449
L,-1062,496,0,20160405044451
L,-1057,498,0,20160405044452
L,-928,497,1,20160405044459
L,-970,582,0,20160405044504
L,-819,488,0,20160405044505
L,-1276,170,0,20160405044521
L,-1287,304,0,20160405044521
L,-1175,535,0,20160405044522
L,-1286,170,0,20160405044523
L,-1291,298,0,20160405044524
L,-1441,198,1,20160405044755
L,-1494,224,1,20160405044807
L,-1063,0,0,20160405044811
L,-1213,798,0,20160405044812
L,-1269,638,0,20160405044819
L,-758,517,0,20160405044840
L,-773,0,0,20160405044841
L,-1294,419,1,20160405044842
L,-949,0,0,20160405044848
L,-1058,0,0,20160405044849
L,991,367,0,20160405044912
L,471,0,0,20160405044914
L,-1852,396,0,20160405045144
L,-1146,14,0,20160405045146
L,-725,0,0,20160405045148
R,-1094,272,1,20160405045149
L,-897,0,0,20160405045150
R,-964,269,1,20160405045151
R,-985,389,1,20160405045152
R,-943,129,1,20160405045153
R,-921,74,1,20160405045153
L,-905,0,0,20160405045154
R,-955,290,1,20160405045155
L,-1234,357,0,20160405045156
R,785,546,1,20160405045204
L,434,608,0,20160405045210
L,399,710,0,20160405045211
L,1307,0,0,20160405045217
M,-1465,217,0,20160405045319
L,-871,0,0,20160405045320
R,-1007,223,1,20160405045329
R,-1701,498,1,20160405045357
L,-1082,0,0,20160405045357
L,-942,0,0,20160405045358
L,-1521,667,0,20160405045413
L,-1346,565,0,20160405045417
L,-1552,518,0,20160405045517
L,-1552,518,0,20160405045518
L,-1036,318,1,20160405045627
L,-1850,588,0,20160405045631
L,-1498,674,0,20160405045647
L,-1665,642,0,20160405045652
L,-1226,388,0,20160405045736
L,-1691,533,0,20160405045746
L,-1349,445,0,20160405045800
L,-1863,101,1,20160405045809
L,-1066,432,0,20160405045828
L,-1874,478,0,20160405045830
L,-718,0,0,20160405045834
L,-481,223,1,20160405045845
L,1014,0,0,20160405045848
R,932,200,1,20160405045849
L,1146,12,1,20160405045851
L,935,0,0,20160405045851
R,814,285,1,20160405045854
L,666,0,0,20160405045854
R,729,425,1,20160405045855
L,456,0,0,20160405045856
L,401,797,0,20160405045859
L,372,910,1,20160405045900
L,339,463,0,20160405045903
L,464,602,0,20160405045905
L,451,746,1,20160405045905
L,349,798,0,20160405045906
L,362,819,0,20160405045907
L,-755,609,1,20160405045951
L,313,704,0,20160405050012
L,404,821,0,20160405050015
L,367,924,0,20160405050015
L,347,831,0,20160405050020
L,342,601,0,20160405050026
L,-862,671,1,20160405050053
L,-899,0,0,20160405050127
L,-729,0,0,20160405050129
L,-1546,620,1,20160405050210
L,697,0,0,20160405050316
L,-1031,606,0,20160405050344
L,-1117,604,0,20160405050346
L,-770,564,1,20160405050350
L,-1161,173,1,20160405050352
L,-759,567,0,20160405050357
L,-1695,139,0,20160405050415
L,-1702,350,0,20160405050416
L,-1693,139,0,20160405050420
L,-1698,374,0,20160405050421
L,-1695,141,1,20160405050423
L,-1729,342,1,20160405050424
L,-1632,378,1,20160405050441
L,-1215,433,0,20160405050502
L,-1121,528,0,20160405050505
L,-1124,507,0,20160405050506
L,-1531,519,0,20160405050533
L,-1387,612,0,20160405050535
L,-1526,613,0,20160405050542
L,-666,307,0,20160405050625
L,-1066,402,1,20160405050629
L,-1562,252,0,20160405050632
L,-629,466,0,20160405050740
L,-1492,528,0,20160405050748
L,-1479,508,0,20160405050750
L,524,0,0,20160405050831
L,365,454,0,20160405050833
L,393,625,0,20160405050915
L,585,81,0,20160405050921
L,486,254,0,20160405050922
L,412,487,0,20160405050925
R,882,385,1,20160405050948
R,744,307,1,20160405051017
L,112,0,0,20160405051025
R,655,261,1,20160405051025
L,1314,0,1,20160405051027
L,472,1056,0,20160405051028
L,-906,0,0,20160405051030
R,-1084,465,1,20160405051031
L,-1302,475,0,20160405051034
R,-1140,629,1,20160405051124
L,-1117,569,0,20160405051136
L,-1094,662,0,20160405051139
L,-1544,682,0,20160405051205
R,-1721,616,1,20160405051206
L,-694,0,0,20160405051209
L,-964,547,0,20160405051223
L,-1144,347,0,20160405051324
L,-1144,347,1,20160405051325
L,-1200,698,0,20160405051336
L,-1174,678,0,20160405051337
L,-1278,0,0,20160405051346
L,-1476,422,0,20160405051355
1,-1440,422,0,20160405051359
L,-775,429,0,20160405051401
M,-1482,423,0,20160405051403
L,651,396,0,20160405051411
L,-616,330,0,20160405051412
L,703,548,0,20160405051414
R,1619,1060,1,20160405051416
L,849,559,0,20160405051418
R,1624,1052,1,20160405051419
R,1625,1055,1,20160405051421
L,1208,33,0,20160405051424
L,1660,1064,0,20160405051425
L,1659,829,0,20160405051426
L,519,348,0,20160405051431
L,519,348,0,20160405051431
L,624,393,0,20160405051438
L,666,393,0,20160405051439
L,727,392,0,20160405051440
L,870,362,0,20160405051441
L,932,512,0,20160405051441
L,1597,1052,0,20160405051447
L,1895,4,0,20160405051448
@
